0.186907630522
0.160883534137
0.14859437751
0.141204819277
0.135120481928
0.130903614458
0.127269076305
0.124136546185
0.121365461847
0.119357429719
0.117710843373
0.116285140562
0.114698795181
0.112951807229
0.111967871486
0.110843373494
0.109718875502
0.108493975904
0.107751004016
0.106827309237
0.106044176707
0.105401606426
0.104638554217
0.104096385542
0.103875502008
0.103313253012
0.102530120482
0.10202811245
0.101606425703
0.101084337349
0.100542168675
0.100140562249
0.0998192771084
0.0991767068273
0.0986947791165
0.0983935742972
0.0980923694779
0.0978112449799
0.0976706827309
0.0973493975904
0.0970481927711
0.0968473895582
0.0964658634538
0.095843373494
0.0955823293173
0.0952409638554
0.094718875502
0.0945582329317
0.0941365461847
0.0938152610442
